receptor = 3pp0.pdbqt
exhaustiveness  = 8
num_modes  = 9
center_x = 20.5881252669
center_y = 20.9254332198
center_z = 27.6033865005
size_x = 45.5065008158
size_y = 47.0852561838
size_z = 36.096819406
cpu = 22