receptor = 6njs_clean.pdbqt
exhaustiveness  = 8
num_modes  = 9
center_x = 7.51811530022
center_y = 55.5050624642
center_z = 0.195063284439
size_x = 56.6559997982
size_y = 59.086670524
size_z = 63.4468565932
cpu = 22